5, 0.975428403841, 0.971066578333, 0.975428403841
5, 0.99498487422, 0.99303460135, 0.99498487422
5, 1.0, 1.0, 1.0
5, 0.990020606828, 0.987791816609, 0.990020606828
5, 0.938779491983, 0.942536746435, 0.938779491983
5, 1.0, 1.0, 1.0
5, 0.985105832482, 0.980851500444, 0.985105832482
3, 0.480749219563, 0.768398518549, 0.480749219563
5, 0.985105832482, 0.980851500444, 0.985105832482
5, 0.980166311613, 0.973904867779, 0.980166311613
5, 1.0, 1.0, 1.0
5, 1.0, 1.0, 1.0
5, 1.0, 1.0, 1.0
4, 0.781236299868, 0.909796338073, 0.781236299868
5, 1.0, 1.0, 1.0
5, 1.0, 1.0, 1.0
5, 1.0, 1.0, 1.0
5, 1.0, 1.0, 1.0
4, 0.781236299868, 0.909796338073, 0.781236299868
5, 0.99498487422, 0.99303460135, 0.99498487422
5, 1.0, 1.0, 1.0
5, 0.885628981375, 0.90341466395, 0.885628981375
6, 0.887093251085, 0.909074583982, 0.887093251085
5, 0.897404135422, 0.91133615573, 0.897404135422
5, 0.947605796498, 0.947119996703, 0.947605796498
5, 1.0, 1.0, 1.0
5, 1.0, 1.0, 1.0
4, 0.781236299868, 0.909796338073, 0.781236299868
5, 0.99498487422, 0.99303460135, 0.99498487422
4, 0.769047371678, 0.88152025342, 0.769047371678
5, 0.970680894032, 0.971565275096, 0.970680894032
5, 0.99498487422, 0.99303460135, 0.99498487422
5, 0.99498487422, 0.99303460135, 0.99498487422
5, 1.0, 1.0, 1.0
5, 0.99002, 0.986081716127, 0.99002
5, 0.985105832482, 0.980851500444, 0.985105832482
5, 0.980241616162, 0.975633949586, 0.980241616162
5, 1.0, 1.0, 1.0
5, 1.0, 1.0, 1.0
5, 0.99002, 0.986081716127, 0.99002
5, 1.0, 1.0, 1.0
5, 1.0, 1.0, 1.0
5, 0.96128969697, 0.958260173583, 0.96128969697
5, 0.943147699504, 0.943785909189, 0.943147699504
5, 1.0, 1.0, 1.0
5, 0.980246420871, 0.979028566114, 0.980246420871
4, 0.756085807144, 0.859215611618, 0.756085807144
5, 0.99002, 0.986081716127, 0.99002
5, 0.947605796498, 0.947119996703, 0.947605796498
5, 1.0, 1.0, 1.0
5, 0.99498487422, 0.99303460135, 0.99498487422
5, 0.989994950077, 0.986075416173, 0.989994950077
5, 1.0, 1.0, 1.0
5, 0.99002, 0.986081716127, 0.99002
5, 0.99498487422, 0.99303460135, 0.99498487422
5, 1.0, 1.0, 1.0
5, 0.985107643606, 0.983199130105, 0.985107643606
5, 0.909294789712, 0.919654081862, 0.909294789712
4, 0.776301374072, 0.895446379497, 0.776301374072
5, 0.99498487422, 0.99303460135, 0.99498487422
5, 0.985107643606, 0.983199130105, 0.985107643606
5, 0.99498487422, 0.99303460135, 0.99498487422
5, 0.980242817558, 0.976271410285, 0.980242817558
5, 1.0, 1.0, 1.0
5, 1.0, 1.0, 1.0
5, 1.0, 1.0, 1.0
5, 0.99498487422, 0.99303460135, 0.99498487422
5, 0.942139679991, 0.934685113711, 0.942139679991
5, 0.99498487422, 0.99303460135, 0.99498487422
5, 0.952116161616, 0.950662217707, 0.952116161616
5, 0.87889218672, 0.902190426136, 0.87889218672
5, 1.0, 1.0, 1.0
5, 1.0, 1.0, 1.0
5, 0.99498487422, 0.99303460135, 0.99498487422
4, 0.778781539285, 0.902619294214, 0.778781539285
5, 1.0, 1.0, 1.0
5, 0.930073961093, 0.934140355641, 0.930073961093
5, 1.0, 1.0, 1.0
5, 1.0, 1.0, 1.0
4, 0.781236299868, 0.909796338073, 0.781236299868
5, 0.96086899594, 0.953046312199, 0.96086899594
5, 0.99498487422, 0.99303460135, 0.99498487422
4, 0.772573257343, 0.894498096817, 0.772573257343
5, 0.970666632191, 0.966921384658, 0.970666632191
5, 0.938734820243, 0.94026989759, 0.938734820243
5, 1.0, 1.0, 1.0
5, 0.99498487422, 0.99303460135, 0.99498487422
5, 0.980241616162, 0.975633949586, 0.980241616162
5, 0.960534836264, 0.951917780054, 0.960534836264
5, 1.0, 1.0, 1.0
5, 0.875070661276, 0.897580427313, 0.875070661276
5, 1.0, 1.0, 1.0
5, 1.0, 1.0, 1.0
5, 1.0, 1.0, 1.0
5, 1.0, 1.0, 1.0
4, 0.781236299868, 0.909796338073, 0.781236299868
5, 0.934473552831, 0.941561749032, 0.934473552831
5, 1.0, 1.0, 1.0
5, 0.90133288792, 0.914281465066, 0.90133288792
4, 0.781236299868, 0.909796338073, 0.781236299868
5, 0.942612480542, 0.941483968373, 0.942612480542
